   4.7004727e+02   3.5995441e+01
   4.9594562e+02   3.6985935e+01
   2.2291721e+02   5.6421558e+01
   4.8297806e+02   7.2786736e+01
   1.8708371e+02   2.1728311e+02
   5.8600143e+01   4.8861950e+01
   6.1576880e+02   7.7157021e+01
   6.1028278e+02   9.1752441e+01
   2.1296159e+02   1.3373119e+02
   4.0466504e+02   1.9263628e+02
   6.2481482e+02   6.6436821e+01
   1.5553142e+02   2.0789456e+02
   6.0299939e+02   1.0024837e+02
   2.2286815e+02   5.0173981e+01
   4.4786224e+02   3.5276295e+01
   3.2165051e+02   7.5189049e+01
   4.4223819e+02   2.1051659e+02
   1.7413345e+02   2.2006786e+02
   3.8648688e+02   1.5384654e+02
   2.1961896e+02   5.5582317e+01
   3.9607935e+02   8.9151581e+01
   4.7340170e+02   2.8688824e+02
   4.7371561e+02   1.3398065e+02
   4.9211020e+02   4.7329704e+01
   2.1789307e+02   1.3592647e+02
   5.0599634e+02   7.8067513e+01
   6.1628802e+02   2.8803867e+01
   6.3746655e+02   6.4177887e+01
   4.1179309e+02   1.5206093e+02
   6.0685925e+02   9.9677292e+01
   4.0243463e+02   1.8944727e+02
   1.7278198e+02   5.3150639e+01
   2.6549316e+02   1.2070885e+02
   4.0680722e+02   1.8359904e+02
   6.1818536e+02   7.8236946e+01
   3.8963074e+02   1.5236198e+02
   4.0659183e+02   1.8929851e+02
   4.1137747e+02   1.8606198e+02
   5.9692926e+02   6.8196182e+01
   7.8001030e+01   4.4776791e+01
   4.7346432e+02   1.0405805e+02
   4.6240140e+02   1.3135190e+02
   1.9661151e+02   3.5960728e+01
   1.8345468e+02   2.2253137e+02
   4.5188763e+02   1.4368913e+02
   3.8194012e+02   1.3755971e+02
   6.1030725e+02   2.6089731e+01
   3.3424966e+02   6.6922554e+01
   6.0466266e+02   8.9519119e+01
   3.7792197e+02   2.0917400e+01
   6.1217462e+02   3.4612778e+01
   6.3162360e+02   3.6167450e+01
   3.9678146e+02   2.3633594e+02
   6.1548224e+02   9.2795853e+01
   4.6710663e+02   4.5751957e+01
   6.0972662e+02   2.3043871e+01
   6.3897156e+02   4.6414665e+01
   9.9285461e+01   5.4910522e+01
   1.6501602e+02   1.2448680e+02
   3.7800000e+02   1.1900000e+02
   6.0912524e+02   3.3802036e+01
   6.1000024e+02   8.7423180e+01
   4.9495285e+02   2.5615162e+01
   5.9332233e+02   7.4093185e+01
   4.6302481e+02   1.6115736e+02
   6.1500000e+02   1.5500000e+02
   4.2359006e+02   1.4746619e+02
   4.7623660e+02   1.2751107e+02
   9.9374084e+01   5.7915070e+01
   1.9919591e+02   3.9336910e+01
   6.1641046e+02   1.5441859e+02
   4.0045123e+02   1.6165410e+02
   4.5428873e+02   1.5200475e+02
   2.3294609e+02   1.0129894e+02
   6.7610916e+01   3.2973064e+01
   4.2296707e+02   1.4065477e+02
   4.8862546e+02   6.5613518e+01
   1.7376242e+02   5.7761497e+00
   3.3179868e+02   1.5782108e+02
   2.1725247e+02   1.2185680e+02
   4.4064911e+02   2.6421185e+02
   4.6509103e+02   1.2579713e+02
   1.5766379e+02   6.6561279e+01
   3.6543292e+02   1.4562642e+02
   6.0950037e+02   1.4213893e+02
   4.3117706e+02   2.0493457e+02
   4.4086703e+02   1.5397147e+02
   4.4651004e+02   1.9973367e+02
   6.2315320e+02   7.5615807e+01
   1.8547156e+02   2.1966881e+02
   4.2029907e+02   1.4966309e+02
   2.0034372e+02   4.1449932e+01
   3.9486557e+02   2.3530975e+02
   2.1709843e+02   1.3845682e+02
   3.7035809e+01   6.9604616e+00
   5.3910620e+02   7.2993263e+01
   4.1425854e+02   1.2841908e+02
   4.3878738e+02   2.2423453e+02
   4.1092285e+02   1.6592256e+02
   3.9530682e+02   1.5469830e+02
   6.1214777e+02   1.5239598e+02
   4.2120834e+02   2.3177295e+02
   4.6232022e+02   3.1040298e+02
   3.0408670e+02   8.2106552e+00
   3.8301053e+02   1.5136621e+02
   3.6105347e+02   1.4528706e+02
   2.2606892e+02   1.2101005e+01
   1.6591866e+02   2.1003966e+02
   1.1169951e+02   4.4912865e+01
   3.7002817e+02   1.4734795e+02
   6.2750299e+02   2.4548059e+01
   2.4327266e+02   5.3183933e+01
   4.5600000e+02   1.4500000e+02
   4.5494247e+02   1.7924947e+02
   2.7200232e+02   6.1657375e+01
   3.8940320e+02   9.8428276e+01
   4.3624573e+02   1.9732207e+02
   1.5440291e+01   9.3722849e+00
   4.2548349e+02   2.1280360e+02
   3.8113348e+02   1.4299574e+02
   4.2463281e+02   2.1235616e+02
   2.9412210e+02   1.3957983e+02
   3.5230661e+02   1.4047939e+02
   2.8656477e+01   9.2896776e+00
   1.8108762e+02   1.1046172e+01
   6.3906451e+02   1.0646486e+02
   6.3469110e+02   1.2213097e+02
   6.1354279e+02   7.3545738e+01
   2.0021239e+02   1.8269107e+02
   3.8153076e+02   1.4753789e+02
   1.9212971e+02   4.3564171e+01
   2.6584000e+02   1.7978567e+01
   5.9976324e+02   2.0816133e+01
   3.7914713e+02   1.1437847e+02
   3.9396265e+02   9.6334663e+01
   4.7725781e+02   1.4998756e+02
   4.5321689e+02   1.4028966e+02
   4.0275537e+02   1.5294939e+02
   4.6650266e+02   1.5269679e+02
   2.3294263e+02   6.9089958e+01
   2.2531477e+02   7.0062308e+00
   6.0310364e+02   2.7807152e+01
   3.4535416e+01   1.0085971e+01
   1.5398904e+02   1.2300285e+02
   1.2239336e+02   5.4994381e+01
   4.0837973e+02   1.5960648e+02
   6.2268280e+02   9.3874023e+01
   2.6373761e+02   5.5825493e+01
   2.9181836e+02   1.4065111e+02
   6.0425342e+02   1.1272308e+02
   2.2837872e+02   4.6408205e+00
   2.4799677e+02   9.9229517e+00
   2.6930185e+02   9.1317463e+00
   6.2887781e+02   1.0679206e+02
   2.3596634e+02   4.1451163e+00
   3.9323822e+02   1.5334546e+02
   4.1900827e+02   1.5703525e+02
   6.1334052e+02   1.0238447e+02
   4.7184390e+02   1.3798125e+02
   3.6000000e+02   1.3400000e+02
   3.2389600e+02   1.5908057e+02
   4.8658139e+02   4.6946945e+01
   3.8419733e+02   1.3350101e+02
   4.8458957e+02   1.3810272e+02
   1.8111624e+02   2.1597870e+02
   9.3997543e+01   5.5465458e+01
   6.3837677e+02   4.1965038e+01
   4.1300000e+02   1.6300000e+02
   1.5967422e+02   1.1514783e+02
   6.2117700e+02   1.5403505e+02
   3.6441925e+02   1.5741098e+02
   5.9530072e+02   8.5118866e+01
   6.4685754e+02   2.8072754e+01
   3.6870709e+02   1.4435524e+02
   4.2209863e+02   1.5630576e+02
   1.8672360e+02   4.3683079e+01
   3.6100000e+02   1.5500000e+02
   4.4630560e+02   1.7039833e+02
   6.3224036e+02   6.7425491e+01
   4.4466916e+02   4.4597008e+01
   4.7586838e+02   1.4703093e+02
   1.1841009e+02   4.0418884e+01
   4.3273587e+02   2.3329526e+02
   6.1803302e+02   1.1396029e+02
   3.2734113e+02   1.3770750e+02
   3.8174307e+02   1.1559962e+02
   4.1164355e+02   1.6053139e+02
   5.6536603e+02   3.1573200e+01
   1.8021350e+02   1.7564450e+02
   4.7878513e+02   1.4812946e+02
   1.6204523e+02   7.1892632e+01
   5.5380511e+02   2.3604521e+01
   3.8599258e+02   1.2737135e+02
   2.6063113e+02   6.0634224e+01
   4.1395032e+02   1.8938188e+02
   4.7421484e+02   1.3893889e+02
   2.6622803e+02   5.3666931e+01
   4.4020502e+02   1.6809381e+02
   1.5752876e+02   1.3055223e+02
   6.2500000e+02   1.5600000e+02
   3.6010730e+02   1.5980188e+02
   1.2484549e+02   4.8512680e+01
   4.5755255e+02   1.8008324e+02
   4.7588330e+02   1.4256531e+02
   3.9369202e+02   1.4516316e+02
   6.0549487e+02   2.7520393e+01
   3.8171701e+02   2.0707500e+01
   4.4347025e+02   1.7755989e+02
   3.6341779e+02   1.3485712e+02
   4.2725479e+02   1.4821346e+02
   6.4735992e+02   9.9676064e+01
   2.2652470e+02   4.5968956e+01
   3.8292914e+02   1.2723885e+02
   6.2274579e+02   1.1600608e+02
   1.8338707e+02   3.0729326e+01
   3.7697028e+02   1.3140662e+02
   3.9429327e+02   8.3050089e+00
   3.9933322e+02   1.5314001e+02
   2.6593201e+02   7.9371104e+00
   1.6870604e+02   3.1316029e+01
   6.3727600e+02   9.3654434e+01
   6.3244153e+02   1.2724638e+02
   4.2334457e+02   2.2141502e+02
   6.1129865e+02   1.1443343e+02
   4.4276944e+02   1.6930614e+02
   6.3408105e+02   6.9835793e+01
   3.9962152e+02   1.3053413e+02
   4.7750845e+02   8.3930031e+01
   5.2231665e+02   6.5795998e+01
   3.8587161e+02   1.1025267e+01
   5.4680237e+02   1.9690746e+01
   3.7483600e+02   1.3566159e+02
   2.0360216e+02   4.7807995e+01
   3.8956241e+02   1.6765881e+02
   2.4480170e+02   1.4516370e+01
   2.5222697e+02   1.5562108e+01
   2.5103528e+02   5.8970680e+01
   6.3683734e+02   6.9168037e+01
   6.3502771e+02   1.1806940e+02
   3.3233450e+02   1.2770753e+02
   4.8089328e+02   1.4648854e+02
   4.8430042e+02   2.3187698e+02
   5.7298944e+02   3.4583286e+01
   6.3377075e+02   1.0827206e+02
   6.3106628e+02   7.0589020e+01
   2.5756302e+02   2.9608076e+00
   5.6623181e+02   2.0795517e+01
   4.0475735e+02   1.6232530e+02
   3.8797180e+02   1.4287137e+02
   3.9171622e+02   1.5993285e+02
   7.0074028e+01   5.2849339e+01
   4.8203317e+02   1.4401906e+02
   3.4723816e+02   1.3322464e+02
   2.9387476e+02   5.4445629e+01
   5.9789496e+02   9.6715431e+01
   5.1805048e+02   6.8377068e+01
   3.2483252e+02   1.2994875e+02
   2.4348543e+02   1.4328041e+01
   3.0123990e+02   6.8643524e+01
   3.5194803e+02   1.5461752e+02
   1.8465764e+02   3.9202259e+01
   1.6240384e+02   5.1168270e+01
   6.3518701e+02   1.4015623e+02
   2.5400000e+02   3.0000000e+00
   5.9977533e+02   7.3443291e+01
   3.8666690e+02   2.2708072e+02
   1.5961523e+02   1.1817687e+02
   4.0905493e+02   2.3174606e+02
   2.6518863e+02   9.4831486e+00
   2.7258154e+02   4.5038502e+01
   1.6007985e+02   3.8024643e+01
   6.2150720e+02   9.7794884e+01
   6.0013672e+02   3.5853531e+01
   3.8300000e+02   8.0000000e+00
   1.9983078e+02   5.4743152e+00
   5.2537183e+02   8.2513710e+01
   3.0161050e+02   3.3229308e+00
   3.8787955e+02   1.3033353e+02
   5.8008044e+02   2.0128117e+02
   3.4873706e+02   1.1228815e+02
   3.1284378e+02   9.1725746e+01
   4.4661929e+02   1.5394719e+02
   4.0673856e+02   1.4545011e+01
   5.4594501e+02   6.0276722e+01
   5.9509778e+02   2.0556435e+01
   2.2433434e+02   1.0290736e+02
   4.4195831e+02   1.5864085e+02
   2.0409973e+02   1.0123460e+01
   3.6106384e+02   1.2335071e+02
   6.3545563e+02   1.1493620e+02
   6.4843073e+02   8.1573868e+01
   4.8119748e+02   1.1519708e+01
   2.8323099e+02   4.9389542e+01
   4.4200000e+02   1.6100000e+02
   1.6927994e+02   7.3774986e+01
   2.2924084e+02   1.2000831e+02
   3.7911502e+02   1.2827087e+02
   3.9358871e+01   1.2064537e+01
   2.7207678e+02   1.3628547e+01
   2.6476614e+02   7.3586988e+00
   4.2330984e+02   1.9291696e+02
   1.6291165e+02   2.4559637e+01
   3.8307306e+02   1.5943008e+02
   6.1742108e+02   1.4260715e+02
   6.2461017e+02   7.7856995e+01
   3.5869440e+02   2.1774284e+02
   3.3281009e+02   1.3682054e+02
   2.5706674e+02   5.4371738e+00
   2.4814896e+02   6.2368793e+00
   4.0975970e+02   1.9490739e+02
   3.3074060e+02   1.4640288e+02
   6.4015356e+02   1.3173647e+02
   4.0476086e+02   2.7913684e+02
   4.4200000e+02   1.8100000e+02
   5.6213239e+02   2.9108463e+01
   3.4500000e+02   1.3700000e+02
   3.3466785e+02   1.3715312e+02
   1.8056256e+02   7.6867325e+01
   5.3206586e+02   8.2621544e+01
   1.1560725e+02   5.2405548e+01
   4.6927832e+02   1.6470035e+02
   5.9300000e+02   2.1000000e+01
   2.3725987e+02   9.6151672e+01
   2.4962555e+02   7.1419683e+00
   3.8600125e+02   2.2552881e+01
   5.9182898e+02   1.6952316e+02
   3.2006277e+02   1.3919495e+02
   4.7015558e+02   1.5312108e+02
   4.6753693e+02   4.1076420e+01
   3.8700000e+02   1.3700000e+02
   9.2967117e+01   3.7764725e+01
   1.7832396e+02   3.0065216e+01
   2.5427109e+02   3.9158733e+01
   5.9120587e+02   2.4143902e+01
   5.5521710e+02   3.9237003e+01
   6.4134717e+02   3.4737961e+01
   1.6100000e+02   2.0500000e+02
   8.5278000e+01   5.2777786e+01
   6.3184503e+02   1.5263019e+02
   2.1248294e+02   1.2099007e+02
   1.8874213e+02   1.8135945e+02
   4.1664313e+02   1.3432607e+02
   3.4264688e+02   1.2456011e+02
   5.9567407e+02   5.2949192e+01
   3.2809637e+02   1.4470177e+02
   3.1956085e+02   1.9713066e+02
   6.1538745e+02   1.0797076e+02
   1.8075368e+02   2.1136278e+02
   1.1297548e+02   5.8850708e+01
   1.3568086e+02   6.2205605e+01
   3.4113977e+02   1.5175363e+02
   1.5873579e+02   2.0129367e+02
   2.7632953e+02   1.2064416e+02
   1.1997262e+02   5.9256485e+01
   1.4904004e+02   1.3774391e+02
   3.9780045e+02   1.8176062e+02
   6.2586072e+02   1.5067278e+02
   5.6928033e+02   2.0760068e+02
   7.4154457e+01   5.3188789e+01
   3.0078918e+02   5.3509048e+01
   3.5995932e+02   1.3908247e+02
   2.3608948e+01   1.1620886e+01
   3.9929453e+02   1.6959789e+02
   5.5838928e+02   1.9737717e+01
   2.9501132e+02   8.3061523e+01
   4.0613074e+02   1.9718948e+02
   6.4704944e+02   6.3937088e+01
   3.7235733e+02   1.3349420e+02
   1.6074162e+02   2.6831259e+01
   4.1209882e+02   1.3906337e+02
   4.2681241e+02   1.4284068e+02
   2.3790527e+02   8.6161728e+01
   3.0258081e+02   5.2619541e+01
   1.1755207e+02   4.7064545e+01
   4.2535651e+02   2.1691920e+02
   4.3718692e+02   2.3764128e+02
   2.5963876e+02   4.6635818e+01
   2.9572916e+02   6.5457092e+01
   3.4166559e+02   1.4689503e+02
   4.7966861e+02   2.5170975e+02
   2.2755803e+02   1.0068681e+02
   6.1920807e+02   1.0920153e+02
   6.0670123e+02   1.7503951e+02
   4.2788937e+02   1.8303517e+02
   6.0934711e+01   3.3743439e+01
   7.5026047e+01   5.0209305e+01
   3.1783014e+02   1.8621896e+02
   6.0671924e+02   1.8713348e+02
   3.7338181e+02   1.4368927e+02
   5.9606232e+02   2.7744221e+01
   2.0440105e+02   1.1851942e+02
   3.4503619e+02   1.1115374e+02
   4.2394687e+02   1.8337193e+02
   1.0681712e+02   4.1985138e+01
   4.0272733e+02   1.6929892e+02
   3.4389703e+02   1.4250902e+02
   4.4829172e+02   1.6322131e+02
   5.9973297e+02   8.0433403e+01
   6.9902618e+01   5.7364151e+01
   4.2511899e+02   2.3991689e+02
   3.9462494e+02   1.3193068e+02
   6.0178632e+02   7.8282249e+01
   3.7635202e+02   1.5665196e+02
   5.8110193e+02   8.5540375e+01
   1.5902966e+02   4.0803024e+01
   3.4327026e+02   1.4148830e+02
   4.2965146e+02   2.4384572e+02
   3.8808609e+02   1.2306110e+02
   1.6090482e+02   2.0887256e+02
   2.7340823e+02   3.9003876e+01
   4.2801169e+02   1.6755562e+02
   1.7187788e+02   1.0094766e+02
   3.2752039e+02   8.5978378e+01
   4.4391269e+02   2.4091206e+02
   6.9290398e+01   5.6069599e+01
   5.8102899e+02   8.4870636e+01
   2.1352722e+02   3.6774487e+00
   2.9030563e+02   8.5198776e+01
   2.5271626e+02   4.2139244e+01
   5.9137921e+02   2.2115725e+01
   3.2820569e+02   8.5892105e+01
   2.8394464e+02   1.2189912e+02
   2.7931479e+02   5.0439739e+01
   6.3154333e+02   8.5425713e+01
   1.3193616e+02   5.9566879e+01
   2.8578497e+02   1.3328775e+02
   4.3696445e+02   1.7621611e+02
   6.3653717e+02   1.3569066e+02
   4.8566910e+02   2.5328401e+02
   3.4192566e+02   1.2855733e+02
   1.6169853e+02   3.3143066e+01
   4.0396228e+02   7.6735382e+00
   5.9660089e+02   2.0460867e+02
   6.4619775e+02   8.1865852e+01
   3.7541321e+02   1.4812955e+02
   5.4714795e+02   5.4700890e+01
   4.6769366e+02   1.8138783e+02
   2.3670256e+02   8.8980392e+01
   5.3868604e+02   6.9545464e+01
   3.8585724e+02   1.3992459e+02
   3.3278467e+02   1.1346732e+02
   6.1931079e+02   1.8779326e+02
   2.9258881e+02   5.0966125e+01
   1.1200488e+02   4.0893795e+01
   1.6141698e+02   2.9852713e+01
   6.3731219e+02   1.3775278e+02
   3.4682001e+02   1.5298097e+02
   3.1269302e+02   1.0717075e+02
   6.3964819e+02   1.3851483e+02
   2.4879626e+02   1.5776223e+01
